00000
00001
00200
00252
00317
00399
00400
00502
00504
00600
00632
00634
00700
00755
00796
00798
00800
00881
00900
00950
00951
00985
00995
01002
01005
01007
01110
01133
01159
01197
01209
01244
01254
01262
01265
01268
01397
01427
01485
01507
01535
01570
01580
01589
01592
01596
01758
01796
01895
01897
01945
01980
01989
01990
02005
02010
02213
02261
02389
02412
02462
02497
02507
02524
02530
02787
02789
02846
03007
03062
03112
03147
03157
03178
03185
03189
03508
03583
03786
03881
03931
03966
03976
03978
04010
04417
04511
04766
04778
04912
04962
04997
05007
05048
05561
05578
05679
05966
06210
06260
06295
06305
06355
06378
06961
07150
07166
07844
07894
07929
07939
07955
08361
08366
08950
09555
09566
09761
09844
09894
09929
09939
10750
11155
11161
11844
11894
11929
11939
12550
12755
13844
13894
13929
13939
14350
15844
15894
15929
15939
